const static double firCoefficients[FIR_FILTER_TAP_COUNT] = {
6.0546138291252597e-04, 
5.2507143315267811e-04, 
3.8449091272701525e-04, 
1.7398667197948182e-04, 
-1.1360489934931548e-04, 
-4.7488111478632532e-04, 
-8.8813878356223768e-04, 
-1.3082618178394971e-03, 
-1.6663618496969908e-03, 
-1.8755700366336781e-03, 
-1.8432363328817916e-03, 
-1.4884258721727399e-03, 
-7.6225514924622853e-04, 
3.3245249132384837e-04, 
1.7262548802593762e-03, 
3.2768418720744217e-03, 
4.7744814146589041e-03, 
5.9606317814670249e-03, 
6.5591485566565593e-03, 
6.3172870282586493e-03, 
5.0516421324586546e-03, 
2.6926388909554420e-03, 
-6.7950808883015244e-04, 
-4.8141100026888716e-03, 
-9.2899200683230643e-03, 
-1.3538595939086505e-02, 
-1.6891587875325020e-02, 
-1.8646984919441702e-02, 
-1.8149697899123560e-02, 
-1.4875876924586697e-02, 
-8.5110608557150517e-03, 
9.8848931927316319e-04, 
1.3360421141947857e-02, 
2.8033301291042201e-02, 
4.4158668590312596e-02, 
6.0676486642862550e-02, 
7.6408062643700314e-02, 
9.0166807112971648e-02, 
1.0087463525509034e-01, 
1.0767073207825099e-01, 
1.1000000000000000e-01, 
1.0767073207825099e-01, 
1.0087463525509034e-01, 
9.0166807112971648e-02, 
7.6408062643700314e-02, 
6.0676486642862550e-02, 
4.4158668590312596e-02, 
2.8033301291042201e-02, 
1.3360421141947857e-02, 
9.8848931927316319e-04, 
-8.5110608557150517e-03, 
-1.4875876924586697e-02, 
-1.8149697899123560e-02, 
-1.8646984919441702e-02, 
-1.6891587875325020e-02, 
-1.3538595939086505e-02, 
-9.2899200683230643e-03, 
-4.8141100026888716e-03, 
-6.7950808883015244e-04, 
2.6926388909554420e-03, 
5.0516421324586546e-03, 
6.3172870282586493e-03, 
6.5591485566565593e-03, 
5.9606317814670249e-03, 
4.7744814146589041e-03, 
3.2768418720744217e-03, 
1.7262548802593762e-03, 
3.3245249132384837e-04, 
-7.6225514924622853e-04, 
-1.4884258721727399e-03, 
-1.8432363328817916e-03, 
-1.8755700366336781e-03, 
-1.6663618496969908e-03, 
-1.3082618178394971e-03, 
-8.8813878356223768e-04, 
-4.7488111478632532e-04, 
-1.1360489934931548e-04, 
1.7398667197948182e-04, 
3.8449091272701525e-04, 
5.2507143315267811e-04, 
6.0546138291252597e-04};

const static double iirACoefficientConstants[FILTER_FREQUENCY_COUNT][IIR_A_COEFFICIENT_COUNT] = {
{-5.9638000000000000e+00, 1.9125000000000000e+01, -4.0341000000000001e+01, 6.1536999999999999e+01, -7.0019999999999996e+01, 6.0298999999999999e+01, -3.8734000000000002e+01, 1.7994000000000000e+01, -5.4978999999999996e+00, 9.0332999999999997e-01},
{-4.6378000000000004e+00, 1.3502000000000001e+01, -2.6155999999999999e+01, 3.8590000000000003e+01, -4.3039000000000001e+01, 3.7813000000000002e+01, -2.5114000000000001e+01, 1.2702999999999999e+01, -4.2755000000000001e+00, 9.0332999999999997e-01},
{-3.0590999999999999e+00, 8.6417000000000002e+00, -1.4279000000000000e+01, 2.1302000000000000e+01, -2.2193999999999999e+01, 2.0873000000000001e+01, -1.3710000000000001e+01, 8.1303999999999998e+00, -2.8201999999999998e+00, 9.0332999999999997e-01},
{-1.4072000000000000e+00, 5.6904000000000003e+00, -5.7374999999999998e+00, 1.1958000000000000e+01, -8.5434999999999999e+00, 1.1717000000000001e+01, -5.5087999999999999e+00, 5.3536999999999999e+00, -1.2972999999999999e+00, 9.0332999999999997e-01},
{8.2011000000000001e-01, 5.1673999999999998e+00, 3.2580000000000000e+00, 1.0393000000000001e+01, 4.8102000000000000e+00, 1.0183999999999999e+01, 3.1282000000000001e+00, 4.8616000000000001e+00, 7.5605000000000000e-01, 9.0332999999999997e-01},
{2.7081000000000000e+00, 7.8319000000000001e+00, 1.2202000000000000e+01, 1.8652000000000001e+01, 1.8757999999999999e+01, 1.8276000000000000e+01, 1.1715000000000000e+01, 7.3684000000000003e+00, 2.4965000000000002e+00, 9.0332999999999997e-01},
{4.9480000000000004e+00, 1.4692000000000000e+01, 2.9082000000000001e+01, 4.3180000000000000e+01, 4.8441000000000003e+01, 4.2311000000000000e+01, 2.7922999999999998e+01, 1.3821999999999999e+01, 4.5614999999999997e+00, 9.0332999999999997e-01},
{6.1702000000000004e+00, 2.0126999999999999e+01, 4.2973999999999997e+01, 6.5957999999999998e+01, 7.5230000000000004e+01, 6.4629999999999995e+01, 4.1262000000000000e+01, 1.8936000000000000e+01, 5.6882000000000001e+00, 9.0332999999999997e-01},
{7.4093000000000000e+00, 2.6858000000000001e+01, 6.1579000000000001e+01, 9.8257999999999996e+01, 1.1359000000000000e+02, 9.6280000000000001e+01, 5.9125000000000000e+01, 2.5268999999999998e+01, 6.8304999999999998e+00, 9.0332999999999997e-01},
{8.5742999999999991e+00, 3.4307000000000002e+01, 8.4034999999999997e+01, 1.3928999999999999e+02, 1.6305000000000001e+02, 1.3647999999999999e+02, 8.0686000000000007e+01, 3.2276000000000003e+01, 7.9044999999999996e+00, 9.0332999999999997e-01}
};

const static double iirBCoefficientConstants[FILTER_FREQUENCY_COUNT][IIR_B_COEFFICIENT_COUNT] = {
{9.0927999999999999e-10, -0.0000000000000000e+00, -4.5463999999999999e-09, -0.0000000000000000e+00, 9.0927999999999999e-09, -0.0000000000000000e+00, -9.0927999999999999e-09, -0.0000000000000000e+00, 4.5463999999999999e-09, -0.0000000000000000e+00, -9.0927999999999999e-10},
{9.0928999999999997e-10, 0.0000000000000000e+00, -4.5463999999999999e-09, 0.0000000000000000e+00, 9.0929000000000003e-09, 0.0000000000000000e+00, -9.0929000000000003e-09, 0.0000000000000000e+00, 4.5463999999999999e-09, 0.0000000000000000e+00, -9.0928999999999997e-10},
{9.0928999999999997e-10, 0.0000000000000000e+00, -4.5463999999999999e-09, 0.0000000000000000e+00, 9.0929000000000003e-09, 0.0000000000000000e+00, -9.0929000000000003e-09, 0.0000000000000000e+00, 4.5463999999999999e-09, 0.0000000000000000e+00, -9.0928999999999997e-10},
{9.0928999999999997e-10, 0.0000000000000000e+00, -4.5463999999999999e-09, 0.0000000000000000e+00, 9.0929000000000003e-09, 0.0000000000000000e+00, -9.0929000000000003e-09, 0.0000000000000000e+00, 4.5463999999999999e-09, 0.0000000000000000e+00, -9.0928999999999997e-10},
{9.0928999999999997e-10, 0.0000000000000000e+00, -4.5463999999999999e-09, 0.0000000000000000e+00, 9.0929000000000003e-09, 0.0000000000000000e+00, -9.0929000000000003e-09, 0.0000000000000000e+00, 4.5463999999999999e-09, 0.0000000000000000e+00, -9.0928999999999997e-10},
{9.0928999999999997e-10, -0.0000000000000000e+00, -4.5463999999999999e-09, -0.0000000000000000e+00, 9.0929000000000003e-09, -0.0000000000000000e+00, -9.0929000000000003e-09, -0.0000000000000000e+00, 4.5463999999999999e-09, -0.0000000000000000e+00, -9.0928999999999997e-10},
{9.0927999999999999e-10, -0.0000000000000000e+00, -4.5463999999999999e-09, -0.0000000000000000e+00, 9.0927999999999999e-09, -0.0000000000000000e+00, -9.0927999999999999e-09, -0.0000000000000000e+00, 4.5463999999999999e-09, -0.0000000000000000e+00, -9.0927999999999999e-10},
{9.0929999999999995e-10, 0.0000000000000000e+00, -4.5465000000000004e-09, 0.0000000000000000e+00, 9.0930000000000008e-09, 0.0000000000000000e+00, -9.0930000000000008e-09, 0.0000000000000000e+00, 4.5465000000000004e-09, 0.0000000000000000e+00, -9.0929999999999995e-10},
{9.0927000000000000e-10, 0.0000000000000000e+00, -4.5463000000000003e-09, 0.0000000000000000e+00, 9.0926999999999994e-09, 0.0000000000000000e+00, -9.0926999999999994e-09, 0.0000000000000000e+00, 4.5463000000000003e-09, 0.0000000000000000e+00, -9.0927000000000000e-10},
{9.0907000000000005e-10, 0.0000000000000000e+00, -4.5453999999999996e-09, 0.0000000000000000e+00, 9.0907000000000005e-09, 0.0000000000000000e+00, -9.0907000000000005e-09, 0.0000000000000000e+00, 4.5453999999999996e-09, 0.0000000000000000e+00, -9.0907000000000005e-10}
};